ae_10
ae_10/bbobexp_f15.info:	46.34978973333333333333
ae_10/bbobexp_f16.info:	9.32068980000000000000
ae_10/bbobexp_f19.info:	2.66095753333333333333
ae_10/bbobexp_f20.info:	2.40081480000000000000
ae_10/bbobexp_f21.info:	4.34698526666666666666
ae_10/bbobexp_f22.info:	13.01407740000000000000
ae_10/bbobexp_f24.info:	52.67751853333333333333
naek_10
naek_10/bbobexp_f15.info:	54.26148246666666666666
naek_10/bbobexp_f16.info:	9.71053886666666666666
naek_10/bbobexp_f19.info:	2.57842440000000000000
naek_10/bbobexp_f20.info:	2.50121146666666666666
naek_10/bbobexp_f21.info:	6.26947886666666666666
naek_10/bbobexp_f22.info:	10.76154200000000000000
naek_10/bbobexp_f24.info:	55.19977920000000000000
nael_10
nael_10/bbobexp_f15.info:	54.71851913333333333333
nael_10/bbobexp_f16.info:	8.54481566666666666666
nael_10/bbobexp_f19.info:	2.51757026666666666666
nael_10/bbobexp_f20.info:	2.53233953333333333333
nael_10/bbobexp_f21.info:	7.48772640000000000000
nael_10/bbobexp_f22.info:	11.78899080000000000000
nael_10/bbobexp_f24.info:	58.78258033333333333333
naep_10
naep_10/bbobexp_f15.info:	59.64021333333333333333
naep_10/bbobexp_f16.info:	9.62709566666666666666
naep_10/bbobexp_f19.info:	2.42910633333333333333
naep_10/bbobexp_f20.info:	2.44365146666666666666
naep_10/bbobexp_f21.info:	7.14117080000000000000
naep_10/bbobexp_f22.info:	12.07539226666666666666
naep_10/bbobexp_f24.info:	56.18591206666666666666
naeu_10
naeu_10/bbobexp_f15.info:	64.82401226666666666666
naeu_10/bbobexp_f16.info:	8.58021653333333333333
naeu_10/bbobexp_f19.info:	2.51460886666666666666
naeu_10/bbobexp_f20.info:	2.59348593333333333333
naeu_10/bbobexp_f21.info:	8.72060740000000000000
naeu_10/bbobexp_f22.info:	13.42200200000000000000
naeu_10/bbobexp_f24.info:	58.34905073333333333333
