ae_10
ae_10/bbobexp_f15.info:	42.27265620000000000000
ae_10/bbobexp_f16.info:	7.80718540000000000000
ae_10/bbobexp_f19.info:	2.20664173333333333333
ae_10/bbobexp_f20.info:	2.15280206666666666666
ae_10/bbobexp_f21.info:	3.09205813333333333333
ae_10/bbobexp_f22.info:	6.42796653333333333333
ae_10/bbobexp_f24.info:	45.41968026666666666666
naek_10
naek_10/bbobexp_f15.info:	40.27301433333333333333
naek_10/bbobexp_f16.info:	8.32291120000000000000
naek_10/bbobexp_f19.info:	2.10065293333333333333
naek_10/bbobexp_f20.info:	2.19991640000000000000
naek_10/bbobexp_f21.info:	1.73465380000000000000
naek_10/bbobexp_f22.info:	4.63960193333333333333
naek_10/bbobexp_f24.info:	44.54207146666666666666
nael_10
nael_10/bbobexp_f15.info:	44.28604486666666666666
nael_10/bbobexp_f16.info:	7.74300100000000000000
nael_10/bbobexp_f19.info:	2.04755580000000000000
nael_10/bbobexp_f20.info:	2.23119113333333333333
nael_10/bbobexp_f21.info:	1.76903533333333333333
nael_10/bbobexp_f22.info:	3.91862426666666666666
nael_10/bbobexp_f24.info:	47.85034293333333333333
naep_10
naep_10/bbobexp_f15.info:	42.67457333333333333333
naep_10/bbobexp_f16.info:	7.91478033333333333333
naep_10/bbobexp_f19.info:	2.12245540000000000000
naep_10/bbobexp_f20.info:	2.30112073333333333333
naep_10/bbobexp_f21.info:	1.85442533333333333333
naep_10/bbobexp_f22.info:	3.98246286666666666666
naep_10/bbobexp_f24.info:	45.36012720000000000000
naeu_10
naeu_10/bbobexp_f15.info:	45.90619620000000000000
naeu_10/bbobexp_f16.info:	8.02279420000000000000
naeu_10/bbobexp_f19.info:	2.24890820000000000000
naeu_10/bbobexp_f20.info:	2.25250960000000000000
naeu_10/bbobexp_f21.info:	1.50814606666666666666
naeu_10/bbobexp_f22.info:	4.69829840000000000000
naeu_10/bbobexp_f24.info:	50.44255146666666666666
