ae_20
ae_20/bbobexp_f15.info:	131.33921500000000000000
ae_20/bbobexp_f16.info:	17.72673093333333333333
ae_20/bbobexp_f19.info:	4.32344800000000000000
ae_20/bbobexp_f20.info:	2.98804520000000000000
ae_20/bbobexp_f21.info:	4.71757940000000000000
ae_20/bbobexp_f22.info:	13.93866666666666666666
ae_20/bbobexp_f24.info:	148.39100266666666666666
naek_20
naek_20/bbobexp_f15.info:	131.62753186666666666666
naek_20/bbobexp_f16.info:	17.43893293333333333333
naek_20/bbobexp_f19.info:	4.48030613333333333333
naek_20/bbobexp_f20.info:	3.06392020000000000000
naek_20/bbobexp_f21.info:	7.58744700000000000000
naek_20/bbobexp_f22.info:	15.39754240000000000000
naek_20/bbobexp_f24.info:	149.53001073333333333333
nael_20
nael_20/bbobexp_f15.info:	137.59598533333333333333
nael_20/bbobexp_f16.info:	18.62617440000000000000
nael_20/bbobexp_f19.info:	4.39583433333333333333
nael_20/bbobexp_f20.info:	3.06813753333333333333
nael_20/bbobexp_f21.info:	5.91276300000000000000
nael_20/bbobexp_f22.info:	15.78316446666666666666
nael_20/bbobexp_f24.info:	145.76762040000000000000
naep_20
naep_20/bbobexp_f15.info:	139.57574040000000000000
naep_20/bbobexp_f16.info:	17.27485460000000000000
naep_20/bbobexp_f19.info:	4.17891300000000000000
naep_20/bbobexp_f20.info:	3.13245920000000000000
naep_20/bbobexp_f21.info:	6.21010900000000000000
naep_20/bbobexp_f22.info:	15.14146473333333333333
naep_20/bbobexp_f24.info:	150.44274160000000000000
naeu_20
naeu_20/bbobexp_f15.info:	152.99604860000000000000
naeu_20/bbobexp_f16.info:	17.34039593333333333333
naeu_20/bbobexp_f19.info:	4.39206186666666666666
naeu_20/bbobexp_f20.info:	3.17976273333333333333
naeu_20/bbobexp_f21.info:	7.19665660000000000000
naeu_20/bbobexp_f22.info:	13.63612280000000000000
naeu_20/bbobexp_f24.info:	153.28411240000000000000
