ae_20
ae_20/bbobexp_f15.info:	149.78229580000000000000
ae_20/bbobexp_f16.info:	18.17773586666666666666
ae_20/bbobexp_f19.info:	4.83019726666666666666
ae_20/bbobexp_f20.info:	3.45817826666666666666
ae_20/bbobexp_f21.info:	11.26657826666666666666
ae_20/bbobexp_f22.info:	17.62517186666666666666
ae_20/bbobexp_f24.info:	153.22209106666666666666
naek_20
naek_20/bbobexp_f15.info:	169.50691793333333333333
naek_20/bbobexp_f16.info:	19.72813866666666666666
naek_20/bbobexp_f19.info:	4.92768446666666666666
naek_20/bbobexp_f20.info:	3.47936593333333333333
naek_20/bbobexp_f21.info:	15.82895306666666666666
naek_20/bbobexp_f22.info:	22.87376486666666666666
naek_20/bbobexp_f24.info:	165.93892126666666666666
nael_20
nael_20/bbobexp_f15.info:	182.90327260000000000000
nael_20/bbobexp_f16.info:	19.61719840000000000000
nael_20/bbobexp_f19.info:	4.82247246666666666666
nael_20/bbobexp_f20.info:	3.58464133333333333333
nael_20/bbobexp_f21.info:	23.05885600000000000000
nael_20/bbobexp_f22.info:	27.97346960000000000000
nael_20/bbobexp_f24.info:	169.28308180000000000000
naep_20
naep_20/bbobexp_f15.info:	201.47720940000000000000
naep_20/bbobexp_f16.info:	19.68238600000000000000
naep_20/bbobexp_f19.info:	4.87519266666666666666
naep_20/bbobexp_f20.info:	3.66820806666666666666
naep_20/bbobexp_f21.info:	25.58792900000000000000
naep_20/bbobexp_f22.info:	33.11072373333333333333
naep_20/bbobexp_f24.info:	169.28907093333333333333
naeu_20
naeu_20/bbobexp_f15.info:	217.34911686666666666666
naeu_20/bbobexp_f16.info:	19.72562213333333333333
naeu_20/bbobexp_f19.info:	5.03457973333333333333
naeu_20/bbobexp_f20.info:	3.82135600000000000000
naeu_20/bbobexp_f21.info:	30.42042633333333333333
naeu_20/bbobexp_f22.info:	45.37391060000000000000
naeu_20/bbobexp_f24.info:	185.50527120000000000000
