ae_80
ae_80/bbobexp_f15.info:	891.34957980000000000000
ae_80/bbobexp_f16.info:	39.31405453333333333333
ae_80/bbobexp_f19.info:	8.30611393333333333333
ae_80/bbobexp_f20.info:	1309.35122620000000000000
ae_80/bbobexp_f21.info:	14.69108713333333333333
ae_80/bbobexp_f22.info:	23.36058860000000000000
ae_80/bbobexp_f24.info:	928.19529346666666666666
naek_80
naek_80/bbobexp_f15.info:	969.05757333333333333333
naek_80/bbobexp_f16.info:	39.56082193333333333333
naek_80/bbobexp_f19.info:	8.34220713333333333333
naek_80/bbobexp_f20.info:	1808.27799213333333333333
naek_80/bbobexp_f21.info:	19.88589200000000000000
naek_80/bbobexp_f22.info:	25.09033580000000000000
naek_80/bbobexp_f24.info:	961.73284440000000000000
nael_80
nael_80/bbobexp_f15.info:	1010.53100366666666666666
nael_80/bbobexp_f16.info:	39.17564346666666666666
nael_80/bbobexp_f19.info:	8.38607826666666666666
nael_80/bbobexp_f20.info:	2087.78403253333333333333
nael_80/bbobexp_f21.info:	22.72662746666666666666
nael_80/bbobexp_f22.info:	29.33448266666666666666
nael_80/bbobexp_f24.info:	980.86781460000000000000
naep_80
naep_80/bbobexp_f15.info:	1056.83487106666666666666
naep_80/bbobexp_f16.info:	39.27459680000000000000
naep_80/bbobexp_f19.info:	8.50211940000000000000
naep_80/bbobexp_f20.info:	2241.90770413333333333333
naep_80/bbobexp_f21.info:	26.30939040000000000000
naep_80/bbobexp_f22.info:	32.82970493333333333333
naep_80/bbobexp_f24.info:	976.95002180000000000000
naeu_80
naeu_80/bbobexp_f15.info:	1141.56633726666666666666
naeu_80/bbobexp_f16.info:	38.33882686666666666666
naeu_80/bbobexp_f19.info:	8.54662466666666666666
naeu_80/bbobexp_f20.info:	2918.86220826666666666666
naeu_80/bbobexp_f21.info:	34.34685846666666666666
naeu_80/bbobexp_f22.info:	43.85376840000000000000
naeu_80/bbobexp_f24.info:	1027.38686340000000000000
