ae_80
ae_80/bbobexp_f15.info:	951.02358200000000000000
ae_80/bbobexp_f16.info:	39.99939693333333333333
ae_80/bbobexp_f19.info:	8.91146666666666666666
ae_80/bbobexp_f20.info:	3760.76116033333333333333
ae_80/bbobexp_f21.info:	21.09405286666666666666
ae_80/bbobexp_f22.info:	29.91040186666666666666
ae_80/bbobexp_f24.info:	1005.33491966666666666666
naek_80
naek_80/bbobexp_f15.info:	1353.95241120000000000000
naek_80/bbobexp_f16.info:	40.61194293333333333333
naek_80/bbobexp_f19.info:	8.98869306666666666666
naek_80/bbobexp_f20.info:	5867.41807906666666666666
naek_80/bbobexp_f21.info:	58.89054933333333333333
naek_80/bbobexp_f22.info:	63.14202493333333333333
naek_80/bbobexp_f24.info:	1099.06426480000000000000
nael_80
nael_80/bbobexp_f15.info:	1508.03704833333333333333
nael_80/bbobexp_f16.info:	40.73554293333333333333
nael_80/bbobexp_f19.info:	8.97228253333333333333
nael_80/bbobexp_f20.info:	8008.67142533333333333333
nael_80/bbobexp_f21.info:	66.10414486666666666666
nael_80/bbobexp_f22.info:	70.05689326666666666666
nael_80/bbobexp_f24.info:	1134.14044980000000000000
naep_80
naep_80/bbobexp_f15.info:	1608.65340693333333333333
naep_80/bbobexp_f16.info:	40.97541466666666666666
naep_80/bbobexp_f19.info:	8.90589926666666666666
naep_80/bbobexp_f20.info:	9272.84075893333333333333
naep_80/bbobexp_f21.info:	69.61447980000000000000
naep_80/bbobexp_f22.info:	72.38389866666666666666
naep_80/bbobexp_f24.info:	1167.64810686666666666666
naeu_80
naeu_80/bbobexp_f15.info:	1751.53840806666666666666
naeu_80/bbobexp_f16.info:	39.82125326666666666666
naeu_80/bbobexp_f19.info:	9.08728780000000000000
naeu_80/bbobexp_f20.info:	11934.28523820000000000000
naeu_80/bbobexp_f21.info:	72.35218626666666666666
naeu_80/bbobexp_f22.info:	74.28525480000000000000
naeu_80/bbobexp_f24.info:	1206.92708626666666666666
