ae_40
ae_40/bbobexp_f15.info:	398.43493420000000000000
ae_40/bbobexp_f16.info:	29.77524733333333333333
ae_40/bbobexp_f19.info:	6.85301100000000000000
ae_40/bbobexp_f20.info:	184.10103986666666666666
ae_40/bbobexp_f21.info:	17.50298446666666666666
ae_40/bbobexp_f22.info:	27.19623673333333333333
ae_40/bbobexp_f24.info:	416.07315180000000000000
naek_40
naek_40/bbobexp_f15.info:	501.92460160000000000000
naek_40/bbobexp_f16.info:	29.23216653333333333333
naek_40/bbobexp_f19.info:	6.84950713333333333333
naek_40/bbobexp_f20.info:	338.60022280000000000000
naek_40/bbobexp_f21.info:	39.74475626666666666666
naek_40/bbobexp_f22.info:	44.87341886666666666666
naek_40/bbobexp_f24.info:	446.58380220000000000000
nael_40
nael_40/bbobexp_f15.info:	553.74764486666666666666
nael_40/bbobexp_f16.info:	30.23813986666666666666
nael_40/bbobexp_f19.info:	6.90915166666666666666
nael_40/bbobexp_f20.info:	391.48499886666666666666
nael_40/bbobexp_f21.info:	55.18791073333333333333
nael_40/bbobexp_f22.info:	56.02638073333333333333
nael_40/bbobexp_f24.info:	458.45415693333333333333
naep_40
naep_40/bbobexp_f15.info:	590.70336493333333333333
naep_40/bbobexp_f16.info:	30.23162280000000000000
naep_40/bbobexp_f19.info:	6.98669700000000000000
naep_40/bbobexp_f20.info:	406.89249440000000000000
naep_40/bbobexp_f21.info:	59.79889800000000000000
naep_40/bbobexp_f22.info:	62.41264686666666666666
naep_40/bbobexp_f24.info:	473.86395786666666666666
naeu_40
naeu_40/bbobexp_f15.info:	670.42972726666666666666
naeu_40/bbobexp_f16.info:	29.87893166666666666666
naeu_40/bbobexp_f19.info:	6.88004106666666666666
naeu_40/bbobexp_f20.info:	800.92185446666666666666
naeu_40/bbobexp_f21.info:	63.85726513333333333333
naeu_40/bbobexp_f22.info:	66.82684260000000000000
naeu_40/bbobexp_f24.info:	495.79946860000000000000
