ae_40
ae_40/bbobexp_f15.info:	355.98292873333333333333
ae_40/bbobexp_f16.info:	28.84291233333333333333
ae_40/bbobexp_f19.info:	6.41916273333333333333
ae_40/bbobexp_f20.info:	7.17306886666666666666
ae_40/bbobexp_f21.info:	10.97250826666666666666
ae_40/bbobexp_f22.info:	23.18078233333333333333
ae_40/bbobexp_f24.info:	385.71493420000000000000
naek_40
naek_40/bbobexp_f15.info:	380.04040053333333333333
naek_40/bbobexp_f16.info:	28.75372720000000000000
naek_40/bbobexp_f19.info:	6.30210446666666666666
naek_40/bbobexp_f20.info:	7.65874640000000000000
naek_40/bbobexp_f21.info:	13.98081593333333333333
naek_40/bbobexp_f22.info:	24.20138146666666666666
naek_40/bbobexp_f24.info:	397.17463560000000000000
nael_40
nael_40/bbobexp_f15.info:	398.69860620000000000000
nael_40/bbobexp_f16.info:	28.70039066666666666666
nael_40/bbobexp_f19.info:	6.32873113333333333333
nael_40/bbobexp_f20.info:	13.39915626666666666666
nael_40/bbobexp_f21.info:	12.98429266666666666666
nael_40/bbobexp_f22.info:	24.88931093333333333333
nael_40/bbobexp_f24.info:	397.27373753333333333333
naep_40
naep_40/bbobexp_f15.info:	405.76624133333333333333
naep_40/bbobexp_f16.info:	29.15802933333333333333
naep_40/bbobexp_f19.info:	6.34401866666666666666
naep_40/bbobexp_f20.info:	24.19378573333333333333
naep_40/bbobexp_f21.info:	14.86504980000000000000
naep_40/bbobexp_f22.info:	26.66235026666666666666
naep_40/bbobexp_f24.info:	402.56388720000000000000
naeu_40
naeu_40/bbobexp_f15.info:	433.16842560000000000000
naeu_40/bbobexp_f16.info:	28.15197100000000000000
naeu_40/bbobexp_f19.info:	6.47000553333333333333
naeu_40/bbobexp_f20.info:	31.20535680000000000000
naeu_40/bbobexp_f21.info:	16.66186166666666666666
naeu_40/bbobexp_f22.info:	27.98363920000000000000
naeu_40/bbobexp_f24.info:	404.61670586666666666666
